
Rates for sites

[replicate 1]
 0.1908  0.0009  0.0270  0.8031  0.0270  0.8031  0.1908  0.0009  3.9783  3.9783 
 0.1908  0.8031  0.0270  0.8031  0.1908  3.9783  0.1908  3.9783  0.0009  3.9783 
 0.8031  0.0270  0.0270  0.1908  3.9783  3.9783  0.0009  0.0009  0.0009  3.9783 
 0.1908  0.8031  0.1908  0.8031  0.1908  0.0009  0.0270  0.8031  0.8031  0.0270 
 0.8031  3.9783  0.1908  0.0270  0.8031  0.1908  0.0270  0.1908  3.9783  0.8031 
 0.8031  0.0009  0.0270  0.1908  3.9783  0.8031  0.1908  0.1908  0.0270  0.1908 
 3.9783  3.9783  0.8031  3.9783  0.1908  0.0009  0.8031  0.8031  0.1908  3.9783 
 3.9783  0.8031  0.8031  0.1908  0.1908  3.9783  0.8031  0.0270  0.0009  0.0009 
 0.1908  0.1908  0.0009  0.0270  0.8031  0.1908  0.0270  0.0270  0.0009  3.9783 
 3.9783  0.0270  0.0009  0.0270  0.0270  3.9783  0.1908  0.8031  0.0270  0.0270 
 0.1908  0.0270  0.0270  0.0009  0.0009  0.0270  0.1908  3.9783  0.1908  0.1908 
 0.0009  0.1908  0.1908  3.9783  0.8031  0.1908  3.9783  0.1908  0.0270  0.1908 
 0.1908  0.0009  0.8031  0.1908  0.1908  0.0270  0.0270  0.0009  3.9783  0.0270 
 0.8031  0.0009  0.1908  0.0270  0.0270  0.8031  0.1908  0.1908  0.1908  0.0009 
 3.9783  0.1908  0.0009  0.8031  0.0009  3.9783  0.0270  0.0009  3.9783  0.0270 
 3.9783  0.1908  0.8031  0.8031  0.8031  0.0270  0.8031  0.0009  0.0009  0.0009 
 3.9783  0.8031  0.8031  0.1908  3.9783  0.0270  3.9783  0.0270  0.8031  0.0009 
 3.9783  0.1908  3.9783  0.8031  0.0270  0.8031  3.9783  0.0270  0.0009  0.1908 
 3.9783  0.8031  0.0270  0.1908  3.9783  3.9783  0.0009  0.0009  0.0009  0.0270 
 0.0270  0.1908  0.8031  0.0270  3.9783  0.0009  0.0270  0.8031  0.8031  0.0009 
 3.9783  0.8031  0.8031  0.0270  0.0009  3.9783  3.9783  0.1908  0.8031  0.1908 
 0.0270  0.0270  0.1908  0.1908  0.0009  0.0270  0.0009  0.1908  3.9783  3.9783 
 0.8031  0.0270  0.0270  0.0009  0.0270  0.0270  3.9783  0.0270  0.1908  0.0270 
 0.0009  0.0270  3.9783  0.0009  3.9783  0.0270  0.8031  0.0270  3.9783  0.8031 
 0.0009  3.9783  0.0009  0.8031  0.1908  0.8031  0.8031  0.8031  0.8031  0.1908 
 3.9783  0.1908  0.0270  0.0009  0.1908  0.1908  3.9783  0.0270  0.0270  0.8031 
 0.1908  0.1908  0.0270  3.9783  0.1908  0.1908  0.0009  0.8031  0.0270  3.9783 
 0.1908  0.0009  0.8031  0.1908  0.1908  0.8031  3.9783  0.8031  0.0009  0.0270 
 0.0270  0.0009  3.9783  3.9783  0.0270  0.8031  0.0270  0.0009  3.9783  0.1908 
 0.0009  0.8031  0.1908  0.0009  3.9783  0.0009  0.8031  3.9783  0.8031  0.0270 
 3.9783  0.0270  0.0270  0.8031  0.1908  3.9783  0.0009  0.1908  3.9783  0.8031 
 0.8031  0.0009  0.0009  0.0009  0.1908  0.0270  0.1908  0.0270  0.8031  0.0009 
 0.8031  0.1908  0.8031  0.1908  0.1908  0.0009  0.0009  0.1908  0.0270  0.0009 
 0.8031  3.9783  0.8031  0.0009  0.8031  0.0270  0.0270  0.0270  0.8031  0.1908 
 0.1908  0.0270  3.9783  3.9783  3.9783  0.1908  0.8031  0.0009  0.8031  0.1908 
 3.9783  0.1908  3.9783  0.0009  3.9783  3.9783  3.9783  0.8031  0.0270  0.8031 
 3.9783  3.9783  0.8031  0.0009  0.8031  0.0009  0.0009  3.9783  0.0009  0.1908 
 0.0270  0.1908  3.9783  3.9783  3.9783  0.8031  0.1908  0.8031  0.0270  0.0270 
 0.1908  0.1908  0.1908  0.1908  0.1908  0.0270  0.0270  0.1908  0.0270  0.0270 
 0.0009  0.0009  3.9783  3.9783  3.9783  0.8031  0.0009  0.0009  0.8031  0.0270 
 0.0009  0.1908  0.0270  0.8031  0.8031  0.0009  0.8031  3.9783  0.1908  0.0009 
 0.0009  0.1908  0.0270  0.0009  0.8031  0.1908  3.9783  0.0270  0.0270  0.8031 
 0.8031  3.9783  0.8031  0.0009  0.0270  0.0009  0.0009  3.9783  3.9783  3.9783 
 3.9783  0.8031  3.9783  0.0009  0.0009  0.0009  0.8031  0.0009  0.1908  0.1908 
 0.0270  0.0270  0.0270  0.8031  3.9783  0.0009  0.0270  0.8031  0.0270  0.1908 
 3.9783  0.0009  0.8031  0.0270  3.9783  0.0270  0.0270  0.8031  0.0009  0.8031 
 0.0009  0.1908  0.0009  0.0270  3.9783  0.0009  0.0270  3.9783  3.9783  3.9783 
 3.9783  0.8031  0.8031  0.0270  3.9783  0.0270  3.9783  3.9783  0.0009  0.0270 
 0.8031  0.8031  0.0009  0.0009  0.8031  3.9783  0.8031  0.8031  0.0009  0.0270 
 3.9783  0.0009  0.8031  0.8031  0.1908  0.1908  0.0009  0.0270  0.8031  0.0270 
 3.9783  3.9783  0.1908  0.0009  0.0009  0.8031  0.0009  0.0009  0.0270  0.1908 
 0.1908  0.0270  0.1908  3.9783  3.9783  0.8031  0.0270  0.0009  3.9783  0.0270 
 0.0009  0.0270  0.8031  3.9783  0.0270  0.0009  0.0270  3.9783  0.0270  3.9783 
 0.0009  0.0009  3.9783  0.1908  0.8031  0.0270  0.0270  3.9783  0.0270  0.8031 
 0.1908  3.9783  0.8031  0.8031  0.8031  3.9783  0.0009  0.0270  0.1908  3.9783 
 3.9783  0.0270  3.9783  3.9783  0.8031  0.0270  0.1908  0.8031  0.0270  3.9783 
 0.0009  0.8031  0.0009  3.9783  0.8031  0.1908  0.1908  0.8031  3.9783  0.1908 
 3.9783  0.0270  0.1908  0.8031  0.1908  0.0270  0.8031  0.1908  0.0270  0.8031 
 0.1908  0.1908  0.0009  0.8031  0.1908  0.0009  0.0270  0.0009  0.0009  3.9783 
 0.1908  0.8031  0.1908  0.8031  0.1908  3.9783  0.8031  3.9783  0.1908  0.8031 
 3.9783  0.0270  0.0009  0.8031  0.0270  0.1908  0.0270  0.1908  0.0009  0.0270 
 0.1908  0.0270  0.8031  0.8031  3.9783  0.1908  0.0009  0.8031  3.9783  0.0270 
 0.8031  0.8031  0.0270  0.0009  0.0009  0.8031  0.0270  0.0270  3.9783  0.0270 
 0.0009  0.8031  0.0009  0.8031  0.0009  0.1908  3.9783  0.1908  0.0270  0.1908 
 3.9783  0.0270  0.0009  0.0009  0.0009  0.0009  0.8031  0.0270  0.8031  0.0270 
 0.0270  0.0270  0.0270  0.0270  0.8031  0.0009  3.9783  0.8031  0.1908  0.0270 
 0.0009  0.0270  0.1908  0.0009  0.0009  0.8031  3.9783  0.8031  3.9783  0.0009 
 0.8031  0.0270  0.8031  0.1908  0.0009  0.1908  0.0009  0.0270  0.1908  0.8031 
 0.0270  0.0009  3.9783  3.9783  0.0009  0.0270  0.1908  0.8031  0.0009  0.8031 
 0.8031  3.9783  0.0009  0.0270  3.9783  0.0270  0.0009  0.8031  3.9783  3.9783 
 0.0009  0.1908  0.1908  0.0270  0.0009  3.9783  0.1908  3.9783  0.1908  3.9783 
 3.9783  0.1908  0.0009  0.8031  0.0009  0.1908  0.8031  0.8031  0.0009  3.9783 
 0.0009  3.9783  0.8031  0.0009  0.0270  0.0270  0.0009  0.1908  0.0270  3.9783 
 0.0009  0.0270  0.0270  0.0270  0.1908  0.0009  0.8031  0.0009  0.0009  0.1908 
 0.8031  0.8031  0.0009  0.0009  0.0009  0.0270  3.9783  0.0270  0.0270  0.0270 
 0.8031  0.0009  0.8031  3.9783  0.1908  3.9783  0.0009  3.9783  0.0270  0.0270 
 0.8031  3.9783  3.9783  0.8031  0.0009  3.9783  0.8031  0.8031  0.0270  0.8031 
 0.8031  0.0009  0.1908  3.9783  0.1908  0.0009  0.0009  0.0009  0.1908  0.8031 
 0.0009  0.0009  0.8031  0.0009  0.1908  0.0009  0.0270  0.0270  0.8031  0.8031 
 0.8031  0.0270  0.1908  0.1908  3.9783  0.8031  0.0270  0.1908  0.8031  3.9783 
 0.8031  0.0270  0.1908  3.9783  3.9783  0.0009  0.0270  0.8031  3.9783  3.9783 
 0.8031  0.1908  3.9783  0.0009  0.8031  0.1908  0.0009  0.8031  3.9783  0.0009 
 0.0270  0.0270  0.8031  0.8031  0.0270  3.9783  0.1908  0.0009  0.0270  0.0270 
 0.0009  0.0009  0.0009  3.9783  0.1908  0.0270  0.0270  3.9783  0.0270  0.1908 
 0.0009  0.8031  0.1908  0.0270  0.8031  0.0009  3.9783  0.8031  0.8031  0.8031 
 0.8031  3.9783  0.0270  0.0270  0.8031  0.1908  0.8031  0.1908  3.9783  0.0270 
 0.8031  0.1908  0.0270  0.0009  0.0270  3.9783  0.1908  0.0270  0.8031  0.1908 
 0.0009  0.0270  0.1908  0.8031  0.0009  0.1908  0.0270  0.0009  0.8031  0.0270 
 0.0270  0.8031  3.9783  0.0009  0.0009  0.0009  0.0009  0.0009  0.8031  0.8031 
 0.8031  0.8031  0.8031  0.0270  3.9783  3.9783  0.8031  0.1908  0.1908  3.9783 
 0.1908  0.0009  0.0009  0.1908  0.0009  0.0009  0.8031  0.1908  0.0009  0.0009 
 3.9783  0.0270  0.0009  0.0009  0.8031  3.9783  0.0270  0.1908  3.9783  3.9783 
 0.0009  0.1908  0.0270  0.0009  3.9783  0.0009  0.8031  0.0009  0.8031  0.0270 
 0.8031  0.1908  0.8031  0.0009  0.0270  0.0009  3.9783  0.8031  0.8031  3.9783 
 0.0009  3.9783  0.0009  0.0270  0.1908  0.0009  0.1908  0.8031  0.1908  0.0270 
 0.8031  0.8031  0.0270  0.8031  0.1908  0.0009  0.0270  0.1908  3.9783  3.9783 
 0.1908  0.0270  3.9783  3.9783  0.0270  0.0009  0.0009  0.0270  0.0009  0.8031 
 0.8031  0.1908  3.9783  0.0270  0.0009  0.0270  0.0270  0.0270  0.0270  3.9783 
 3.9783  0.0009  0.8031  0.1908  3.9783  0.1908  3.9783  0.8031  0.8031  0.0270 
 0.0270  0.8031  0.8031  0.0009  0.1908  0.0009  0.0270  0.8031  0.1908  0.8031 
